50.7292
45.7383
51.9761
45.2543
45.6377
61.7674
62.0214
50.4535
52.4967
50.7524
64.7617
45.0664
61.363
45.1982
53.3239
48.2043
47.8001
43.496
51.4283
51.4477
48.005
51.7529
51.9448
51.5677
48.9752
46.7
65.4012
44.9974
66.5305
49.4221
49.2756
52.2826
47.9817
44.9538
52.7767
45.7087
51.8838
75.9397
51.5836
76.9376
46.4753
41.2494
45.2834
72.4951
50.4765
68.7726
48.9385
51.6361
41.8508
47.6344
51.747
44.8004
46.1675
47.3632
47.9411
52.0355
46.5615
52.658
46.7148
50.9672
71.2503
65.7669
62.1497
45.2503
71.0833
47.5054
47.5099
51.2002
50.2111
45.2004
43.9753
51.6573
47.8132
47.002
45.2329
50.1345
47.957
55.6469
51.776
42.4816
48.7684
53.2319
50.6711
45.4531
61.7603
48.2017
47.523
51.3922
51.3461
46.2524
49.1099
47.4011
43.2872
45.7049
43.6333
47.5627
47.6087
50.5494
51.8128
45.7664
