67.671936036866128
224.09294742350139
167.30512574655242
154.95932668212771
463.51185872383036
57.828692373739877
603.94805846919678
350.64858512517463
105.71390358065902
494.19359736805484
751.87110228085476
224.99723146902269
202.97191562269438
244.68394901821574
599.88691648463112
308.71304995786073
697.83211308430509
531.12515757378424
356.54952244672438
496.82980500945348
749.43782200544979
249.60053462982202
417.05258247305295
159.35544602542905
730.50763529283347
102.25332980149116
697.36110675025782
229.52743816633125
158.91510218331362
455.87670563528161
445.40348110972133
370.14284039388542
0.063676387101261125
53.639740149322776
276.84344140665769
672.38206037896782
523.23742346988865
274.92723813044245
408.03506132589422
294.58059458741013
408.73874966462085
61.017928673428443
271.18970503620324
90.299041238752679
791.58991463090751
552.473800141585
60.613614721509443
208.406167574416
240.50627511018249
778.97748536382676
333.88907589665109
579.88711883308702
50.541375973513993
531.70618104362222
538.31547598276074
472.47153430826575
502.45569632503003
321.31224103333068
443.54641197414441
702.58874739640794
530.25606858090316
664.77361240646496
745.49786371434936
117.99675790499744
763.08860330054938
312.95397072702366
713.49959816480975
197.97773370425111
437.21498159562009
105.19267772566185
793.9285144181589
781.52718803916457
213.74864029406973
463.7672281189669
524.01572304033482
700.86219157132416
320.15684671707305
539.25921606796749
84.196356350647449
14.27823156783275
30.192263065926856
427.45228988465493
419.46843472284661
111.4547230822289
253.9875679900812
302.67426869956512
595.42454881380525
371.66889364443205
470.95982715066515
524.82384318710479
714.32541716579601
585.65510575922906
592.87197170447189
536.27499217925356
490.95543310556343
197.96799505034835
411.81598734660821
200.04998045044485
327.68963404357885
443.56385378332988
