363.95364551057742
451.62341322359788
158.8960670209006
493.37897845235608
317.16675302813144
423.51035816758417
374.47057961228796
496.70712766084216
272.9429059070269
169.21689648610393
20.430572806126705
114.70176145187661
3.4547403936529255
140.76487237623189
316.14898299619045
285.24759681208411
439.80328107243554
459.88684914069569
458.73097118862484
300.41675958801841
113.12942910619519
231.3075623155141
50.105415075135141
309.71195446779575
359.84020696945498
247.97208316064069
170.12166309641751
155.22907495276493
411.93247442689375
211.01617217576884
19.959583189319627
378.64377809625296
377.0636557028925
346.85953024162893
28.351582832798169
205.426229492494
425.48453571530268
29.861889793473246
467.97640201075768
254.15420823458311
54.664024875808522
122.18183820237491
160.21129007461073
98.986207087983473
400.78397044017169
413.1065303986457
194.53027946619798
49.199302238039344
217.38206162926838
464.71302768435004
407.6790029218788
427.66802032835221
351.82561369232161
428.21015740195759
324.23991701763123
436.96211880862813
206.80077779423482
57.898811790113712
478.40813103989143
103.37403165333626
378.84480779936763
308.21606414775181
176.04931847939702
231.5042953619288
16.490565853421838
254.15919872660155
408.127848481819
15.352515976574512
245.47074234367849
395.95818002520042
249.04345686037254
401.02052846970992
244.04923629204242
25.590611400823395
403.58349746260023
299.24719422089271
122.16252559896675
333.96496290059991
203.15116886196247
385.87701012654088
392.13824453397569
12.992553418964405
91.235207901911451
409.2991600787729
444.31413241862975
385.50159795465953
54.307681067989989
48.603408061248906
27.113185509626373
115.88399536716007
300.58568730046306
392.16223284237191
145.21352394726759
467.69232091852109
383.99805472418575
184.92369665062228
229.9462478747341
25.115337467340446
356.98675241181013
278.02856256162215
