144.813
144.843
144.835
131.867
136.126
146.937
146.85
144.821
144.794
144.827
146.992
131.859
146.891
131.859
144.82
144.833
144.843
136.11
144.829
144.821
144.837
144.811
144.824
144.822
144.786
136.121
146.976
131.856
146.94
144.85
144.803
144.811
144.83
131.862
144.833
136.107
144.825
146.689
144.825
146.942
144.834
144.836
131.86
146.365
144.794
144.825
144.824
144.83
131.857
144.813
144.823
131.862
139.272
144.802
144.838
144.825
136.117
144.82
144.833
144.821
146.771
146.987
146.929
131.867
146.92
144.85
136.111
144.828
144.8
131.857
144.852
144.815
144.794
139.265
131.863
144.83
144.828
144.819
144.823
136.115
144.824
144.828
144.826
136.124
144.821
144.836
144.816
144.827
144.83
136.123
144.831
144.83
136.116
136.116
131.863
144.837
144.827
144.821
144.823
144.831
